This line is a comment block. Write whatever you want here.
This line is a comment block. Write whatever you want here.
This line is a comment block. Write whatever you want here.
This line is a comment block. Write whatever you want here.
This line is a comment block. Write whatever you want here.
This line is a comment block. Write whatever you want here.
This line is a comment block. Write whatever you want here.
3fdb2aca5747cd028e7d7cd2bdc8f4f94fbe3b0e271d48f75c9c1538b0a9a2de 9 0 0 0
e1e1ebea9d409f16613e59e3a77c23ca23f8c7f27e6845d04acbe6101b7d2340 93 0 0 0
d580188d96b7ed400f4b658d03028ea28557979470faa57b58f269778c33218e 183 5 34 7
c9fe8c81d96841689dfc496ae1ba865db58593645f318dfd4428189f6860e87b 12 0 0 0
fac6832c6fe096af554d32df14bb70df5e9cf74deab34f312aec04fee05184d8 1145 0 0 0
4b959124120e5028fe0d0ed4b597d6da3f7e315988eb82c010afb186eafba9b0 7 0 0 0
e225306983e331812200e46fa13af3de1a0cc6cbd213448d0d868cc7d342d16c 72 0 0 0
35ed15afa763d4c5fe078c879d3f589e979ef1ad04a95f9e92696ed58342153d 2 2 0 0
d3f36863cc2efcb552e90d9372fae970a5faab649cf73ba2aed833fe0e5c92e4 4 0 0 0
2be7e52337ae094aa8c30499a84eb7415ff17769ef66d9b060995ba4335d67a0 0 0 0 0
05e656439c87a7ccb38c334a1997cd20fe1697e3a4a21aeb95ff983325999d5c 76 0 0 0
4e9ef68245a401ad89ab3e9ea1bf93536b6c0eb18223902672ed0bb8d57dc65f 173 1 21 21
b120cef53d9cf470b7301621c1d8ee48bcc6303c5b0f218ed1f8123e236db12f 1206 7 1493 490
cd6db766beaf77f59e14eac1f6c51c12c0c7d56a943d33ec8301ba5cae32d723 180 2 13 13
35512a9c3ffe2035c52a4833e25aacd632f123e81275475b5d22edfef3b6ef18 255 0 0 0
c8edb129510e9bbec972e08c33bd99d43ef18fcce6cff77c6c4c12d929d2007b 9 0 0 0
a8c7e6a2c26b2db4acc10a8cd92f309022d169e66d17e2f2910de686b2a272d1 6 0 0 0
9cc73a0ff22893d09761672ed13c497b4f517c2ed69302bb7686b2a6e31049fe 2 0 0 0
a1ed5bb8562bf4a3a231cab291ff57188c8cecaa83e54c464625ea925a550bcf 43 0 0 0
68d5e7df20244c977cdf04d8420567d61275f5098f3be4b7119c28811bd9cf12 53 0 0 0
b06c0b010fedd67ffd6c324110f618435387f54f93253957b0eb2b0010f9cfac 171 0 0 0
328f67424be6729578b956cf969def89b7320defa7d05172b22a36c56ac871c9 2 0 0 0
b65301b36d73b808d6b2cac2fb6c08eb4434e6e2608a1e9170d8747fd567b009 20 0 0 0
52175dd7cd6fe3c3aeec5b058d7b605cadc28b515474ac040e7f7ee39dd63d26 107 0 0 0
a9593864d2ee08bde6939cee88c613b90a257aba2fd3f2d4226c8b5e1626102e 1 1 22 0
45f70d5f9202d7dbe6156601b05b0858dd8c2054d4f606ee0f43446c20bed21f 1 1 194 0
82c67766db2fe2adb447067121e3c7fb401357765e686ee7447b6b2388e600d8 1016 0 0 0
5aef934896f23e8ec1601c7aa476fc3dcee6070e67af4bf223430e67f04ee405 3 3 216 11
0e0ca87dbefdafbd70d99fc1a7c9ce19e8dd8534c0b0299914bd3c2f9ed9f180 5 5 116 5
3c284fa2530dd5088f4805d85fa593b6bb481285ce33a62f2095f52f3f784258 6 6 117 6
813a97e949bfd7217d5f4c41cd40821e326567983138c542683e87ea41dd6601 2 2 535 1
4fc77f955d7d40a20bd36f1b38fbf6c3179ec9f00aa601b327ee9f94b43c0e69 14 14 569 20
1cd13483396c220610174fe22aa2f2cb20d54f595c749bba9fef8fba7b9a005c 5 0 0 0
2ca25abc0be2ad6951278ae2736b52cd7aff68717a170955772fda5e0edd4079 2 2 31 0
c9d089af6f4511af0ef5b7796a48772c183c4c37554734789b20475d058e1769 10 10 11000 45
3399d0ea8657ce09588d8c94d2ae8475eb0d58a90fa29d608a11c4a3455556c0 118 1 1 1
f4c2fc80020f6cfb9ca2f94867181262ffb176ed117994c247b89a467773632f 0 0 0 0
e4efb2c15097c41512c459cfec6219269790cf2d5edb2462b557daa51a4b54bf 12 12 10637 61
36cfc92727c226248ab190d40f38b2d7374457ee606560d3bcb836d69ca37f46 3 0 0 0
32b67dfdace5ff2d9c4f72a2a562e79ae4f7ccde784bd0619adaf24312784d38 3 3 9218 0
0c01afd444c33a5af73478a33c46c3d2d3df134be928846a2abb6fe09d804e08 11 6 6 3
cf76142d7df32cb49c1f5a3ff8164d047b2186ed91e48c56948bdfc485d11142 38 38 13346 565
f98b0b0e75601779fe15eef25e558c113c25011f6d555dd950f42648b1c5a873 12 0 0 0
7261b48837e48c50f04d5eb28ba3000b0fc5458420e6df0a6b2e293627499084 10 10 126 15
0c3661b8e79fae033a76995cd305836967bf6bfc53c504fbd4f203743cea6742 21 21 579 352
0ba1a6f9eeb3304bd58d944b1439ed0aa0af1004d6d0ca50cc85bd4b97afdbd3 270 0 0 0
6808553ec7115fce9a04da1cc1ea69fe4cefd7ec576a3fe1e013e9e28be60729 21 21 118 32
010a38ade0ff4efa4fc820b18d71c2050646d9c7e6323ef93a4f460716415f95 170 7 30 31
f974d0daf8187db4d42ac0656d526ab122ec98127c8dcb87b113679254719914 3 0 0 0
29d95fcbe38ae7f2cf58635918f40a8a2b3aba2eb84b857e4bc6f0f67524b832 0 0 0 0
4275b46d48a9bdafa9839e3c2e2300d5cfd51e2536cef32ea4d9ca535db4d3cb 16 16 423 4
191b2900aeabcc71e4466cd42718f90741d598c6fe1d692b41e26a0d52a758ab 6 6 64 1
88ff1d35b6dec948a465441969ac6097bd55ca3a9aa9aef9f657093d72a01e51 0 0 0 0
8040d1873ec770a2d49f86072e362ad730eca51c0f9586ddb4da118de8cbb8e1 3 1 7 1
0874556795b562c59ebffcb28c48aace351b802049826caebd6ae09d63761521 39 39 623 613
8b599ec2a10e499d20301b21402a3eb77ff0e5af4cefa15cbd0e03decc52f433 10 5 1534 188
88fd358e2a3befe126883faafc9fddf73c25d5dfe8e2ac4cb709ed8470bf5062 48 48 391 189
4895e3e655133f090f6fc341823de0f7fbf78c71e62379e3ca1a2246321b2941 25 25 22343 22343
c14496c3aeac2a531807f461ba0db691255fdba2daba7dfff86128cc474d5db6 7 7 108 45
0ac770af97fb71fbe4e76c8f76720621dad2476ae60180db4bc177d8ead34239 64 4 24 195
f590c950298e934723b53474eac5317447b44811f5753ee7e51d5aefb9c36677 47 34 243 134
5c7224dd05b6945ce242ab3bf62b6a9ca24f3e091f39132a9590e28a3a8dacec 48 48 1997 1175
11e59e628bd62c3c250dc9cc3892f8530e419ce01fe554f7df6ca7b71a088944 29 0 0 0
7804ba4824333b9b9a1330dd54c3297e861629c624f0623ad711c1195dc30ef0 36 36 856 387
bc79d3a60658803a13db0a0b22519fb4df0b2e9a16aedf78a58757089c7a717d 50 0 0 0
aba55a5201b74fa06247a57bcc948371b2b5ae84867e7e040d39f02dd1dcdbcb 52 2 3 3
2f8ad65fcd062fff6c10d842dd42dcd97b0c72710d288223e4784153fde46e7f 0 0 0 0
79be1f1e64d7ee695b7d4fd8b8b4ad8b1084c78bd71bc78458a0cc892e0ce677 16 16 129 62
aeafbe779b092c1bfe15d21fe909e12ec899cde7e95e989b2eb262eaf775df9e 4 0 0 0
dcd92f9cfaf850ca71cd45286fb75a0378e4dec0b5cae751492f5e1b407bdf81 646 0 0 0
94cb66085f5e65c8a6b24bd18744fa7980dce2050ec11b394ef5023fd52ba8ba 11 0 0 0
43958e06a882e0959b8e54fb5603fdaccc26288beab316a03fbe1b1a74960768 43 0 0 0
81492559c806f4dcda113bc9c25cdfdfdb46823a2fd1dcae33bccad325f96159 9 9 110 38
f6eb6cb1840324f0c8b3c6f23118cd9a36227a083782aadaa1e5f450c8191b3f 21 21 239 116
6fe04cbf12c5d252510e0ae7149225b88eb82a54865b1f36dc05602da3b94e55 144 0 0 0
70dd2def5d6f0418e762a035cd7d9075065c9387de8bf6ff16d580fb66472c2a 50 50 560 339
1495824f9bac99971b8ddbf35c907fc171d21c70cf0211d8518336a79fc568b2 6 2 4 11
0786115e44f2bc4cb15e4092f5f0911590f0da61e1e1bed4e388c02e404e0253 72 72 1106 373
e6517881158055c2581d084fae9aaa35315038bb98955a7cefd4e861b0483566 9 9 465 13
566a3736207adcd5ec1c2856d005ff4046053aa024ba9aa0458dfca162c3b21b 5 0 0 0
3bdec644b23322d8afeb2e4db4e80833b6db7be21c03b53a2257fb7c73149049 2 2 63 0
6ad0a4de024fdcbd7f86a6a67f1b9f619e7a8a5c0579da0e773e3c1955fa5c5e 2 2 62 0
70519da93d56ed4ff5c9899600d1c2b414ea038c8a386943c48fc199ec989128 38 5 790 49
079bf58f3a7a6d88763a400c2b0090580cb87b3762630ad9b8a75949ea8a606f 6 3 60 0
2c1631237da798c756901b57f82c4bab445eda6412725d0f16e1b590eb22ffaf 3 3 44 0
dd490d85762744044da98c85c29b5dc825fdb2a735c3934c8c14100011c618ac 14 0 0 0
9f532e77de85122f3a69539049fa590777ed0ddbfbedf159c2af58dc0a9a95aa 113 75 418 182
c968e31c0ded405d7ca238fcaf741bcfc0ba77d87b9d6fc73ad591e41aa8f745 2 2 18 0
d088687947c8b78a98cd4f5319b0e00151260fbdf3204105f898a3c99f8e9060 2 2 2 0
e36856c9acca3a8176aee42055d40819669d9af87bebbd039788e3c4d69ae3dd 65 61 44145 762
6a802b39d6beaac0605797aa4b62559fd1a368a16f26596b427346e7cc442327 21035 9 62 27
daa3d15aa67a19c070583cf77bb92b3918e0d6fc80fb1329a66b53bc11f8b482 2 2 28 2
38e23054602cfc1251c8395f7e8db9f744604d2d7da94adda932f96dffe5bf2a 2 2 35 2
ad279239eb49e450c8c4e582932b50e1ee74f9977970fc1b20c7fb95331eb77b 1 1 41971 0
0a9358e450b1f3d0e639f99fd3edb5d690a8696185483a811becf2af6d343fb9 12 12 129 30
7bb3fc05be7fcca001a122435b42020d4d50c8be2c2f34a1dd7f2b72b911c192 8 8 2962 0
3cfb5528b434da7cb894b8de88f600427a6f9cd2a305b7b22318fffd8c37c9c4 10 0 0 0
53046f540171e6667f93118e9930e66b06aa6183e0108243ec2fd268b56a9591 201 201 402 199
0887223549881080b6f5fe64bddacb294829d6633fd207fcbe9b9d52e3ca5790 201 201 402 199
7c22c52a35b5b6b1745b5d487bd0c2b0df1c7e862d3db94b233ce0d6cdb35c7d 201 201 402 199
4bb6e1d6d60140329da64e9ebfaa980e74ec58daac0486670bf10683b8c86c89 1 1 1 0
77c2a355727c710e083f50a620a20e16250f93091e601bb5ce275d4e4b95a949 7 7 121 2
f4e971b1505d8a882569058b034b6a621ecff26ba5ef1257b3752d5420e144dd 24 24 187 3
027e0574910f188b886c73b216fbbb37db3161eb7b94b9fe4f6fc41d09248650 2 1 12 0
629169def3e8206c34f1344c1ae0c54b1d7a06c1c2618b8c060536eb5eea45a6 92 0 0 0
74e8d9495af1c3ad285ffc5582ad8f6071eac3826795d056d4e1f0b45b63c25e 54 54 1671 51
4ef43f6e99953500ded8bf338d9b72a5e989fca8ab45c36e6cd4f07c8c3cf9c5 103 0 0 0
73b53d69c663376473956217031e6e96bbf138f99cf4ec7ae1ac445ea34b1525 2 1 3349 144267
4b8b80f2fcf7cb3d5de4ece8416102a0f04a6f720d568a02ccdfc3bc2a6f4ec2 3 3 169 0
eeaa8166e09677f8b00a3529928395063859e7b41c4b7273254673c0769ed497 2 2 165 2
d638741d9e39ce89eea872ce77aef01539194dbbb691a933d4e102be2dcdde8e 18 18 3898 2449
d85d9cbc5c0199b323e4cc681c3cd28269249d03d33cf9863115eaee433d6bb2 11 11 9298 7
db82acba9fe3012299c7ebbf577d74c4dd1a80ebf967d3130d0e3d9cf3a5cadf 2 2 17077 293
8294aa128088e3df419e943576cffdcb962802cfb05d2325543bd2893720143d 96 35 3832 2710
c15394c38f101975b8ad74918303843f42506da986e7f88d2d56be8b4d150f6f 4 4 15 1
90ba0dec980d705172b2a221b2370c62455ca7ccfcbc62939601e96af2637765 66 17 3178 1000
6b44ff28eb90cf21c30f319ac661cc2f7ba18946a53773efb2573b1cf89eef56 2 2 2716 0
9fa28a5ad2c75fa3740e2faf47df645337aca2222f7b212ba3598d0c1dd8a256 11 11 4869 861
94228081e98a82015e6761ee5628c5d043ddf4a491c07ef18964a74ca1cc7932 61 19 109 78
f69d95b4959b93668838b55f3bd082fb68682dc2eda68fdefd5c4e280eaf2a68 13 0 0 0
2f2e02bbba585ee8f9887e7301200e6a56410d3192f0cb832081e0d9a2c2ebc5 3 3 372 64
6d166ca3cf56bf44ea0ac0353ef83f07f07f6f8134ae85ad50947ee1a051d7d8 4 4 388 2
40aac6cd496d08c4798443a116754873044fa50e5b764ff8afaf0928a53f6b4d 22 3 1115 92
f711e1e785e716d6043b6a29d60e214e162bda5629e01fc0b30b8c3eab335ca3 9 9 2475 29
f2c7a2b2c8b07cdda79f9d408dee8ec7a7e1bef63063220b4a9a0d570dd694b4 8 8 2363 610
a84a7fa689396a646a133d85340dbb665f81cae4e3038a2069f898f539a4d802 5 5 205 0
cd1373af4e43746fa593f6d9e014d661d3f0be359e3a25f9f50c70947cbb4d05 17 17 3511 66
7c3969ceaa2fa3b229470c84fce20fc3b886469c4e6db1a976d701872ce74bf8 79 25 28450 1310
1869197b69a0fa105f4a1f2b86a357abc37948762720f32b8ee9c5def2536955 2 2 170807 170328
827b487ce4f7c1d60ac3aa333ed0d5c141b7278c4873b8ce84d53eecab39c533 1 1 504 0
0172e53411c4021f2a6a2b96b42662683370972404ec6a63f058866213705e8d 0 0 0 0
7c0f4d2c6e8f62532176fb5c680c8dc977e35a0d8f64e29482d40eb51602c9ff 40 40 40 0
57b5572fb90e37d360c7a13afc392cebb98dc6cb9f93363418fac78be222843a 6 2 149 0
d91bec0459227f97fa6123666acfb56d05b97233d66ae39c1febf5758176a42a 145 0 0 0
efef4f924e37a1a5560d62cec1098a016207ad8f185a5f1d5a5a0dcd99d897fb 36 36 9954 99
7cce814c5d6db0698cf399418a8a040965a137391bf5c741c153d998695ebaf4 560 560 560 558
7e9660b6e4072a74811dec1f3132f66370b17940fd9f4647e46a56c7c2c039b9 8 8 3619 427
79c558624d18a4c657cf78477b5ded43a5c98f542cdd0221382b70a03e2ea800 24 1 0 59
2fb3c1d72f193bcdf6c3ec348b394d83c4de1100f94bae31f091e3f93e2c3ca5 74 27 6712 2126
4da6911f5243ab82331a4289993a6faa98dce261a69ad00db05aa702334c9ca5 1 1 13440 0
bd18f5c1376b6d3af9c4d1b67e98631e820d1c9e5bce16a9d287140a42b0dc55 1 1 17418 0
eac297e645de7f9876ff9bd595a28a86dd477450b4e70d2426abcd912fca8a66 2 1 23871 2
d733ec3d4bf4d7a3cde435d3f9f621fe885a9a8af8716807e4b5603b947527b5 111 46 4174 1678
98a2cb58c32153136c8e1f83a7297a25dc8a03756740d485b511fd6cda124712 80 15 968 147
bdf7a17c7ba0c0de76334cc59e024aa6f1024ae74c843eace910dd5ce20de876 18 9 10133 782
9c7b9d5d306dcabb14db818ef36bb4fe3a232f249495ac944b4829c73f8eed44 86 21 1000 183
eb60dd72cd088b8a48d23c38e2d0c5ecb5162562ac61d0ab50fc3b007d07e12f 105 105 29996 3
f69c23fc5fea069c23843e740f99f23f5f1f293a3f6e451c09929c5c541cd411 1 1 7006 0
38b016596a124af220e435109a546d13f3952402cc93b3a314fe629d1c2e9688 1 1 117 0
03ff3b27ccb14923bb823aa32aac74785130af4bbbf8304032988fe0dac5d59f 5 5 5531 15
949de15a36bdbb00114f825ea3dc4bd19beb8bc51232b71451829c490486fe4b 34 17 10829 290
d972d2567bf7c7c16398c85e09be5acbaee5a875409abede770c63ca5152d9af 144 0 0 0
96cab86b0195388fd0fba7b6b1af78d4831b4b0bea632d4c3d4987b8592e50c2 37 0 0 0
475d8fe7fade4fd51b5178247ec4c9f234fb196e1b5ad5a11f4fdb0b77556124 2 2 27135 38
1c35d422c313861bda8573cbd416e4ed21dcac2a216a8d01884b8473d1d1b3d0 230 0 0 0
1ed52c273fc2e57cd25347866fe10a124d9a02bbf0dca76c909ce9a78776cc96 1 1 7903 0
f820f2bfa59687ffb2a41f31461a0b1b5424be2871c98bcaec334d200cba3e28 8 8 4291 1796
c5af11e00479e29c60b1b459ee529385b55e70987b1f02faf47baba0d2293ff7 2 2 32879 29
d99f5b1dfb99d4edf8224897c1e5977b69baf881a5ffd79fe0ba1c5258f65378 1 0 0 0
ca4701f3acb15a0ff0236d52af99d781bcbcebb6ebae16d0481f999c78c7f331 1 1 9685 0
a653f4cf337290b5cd4e1cbffdd668178fa23cb7fb2f2d2243e78aee578cacc3 14 14 871 82
c3a850d06c54a8638dba54bc92720943f24bf79cfc6321868ae793bc2f34c0c2 1 1 262 0
b903dca9c6ba4dc303a02a0c55276de22d33760ed61d6a976c550e3d82433834 7 5 2269 1014
5f7308ce2247edf5658a195bfc8ee9c56b92c38484b62343ba9a09cb8d3fec14 139 0 0 0
dae90ca839f01a57099c693e9d06b2182133cf9da2ccbcf1b54852d6cafaf371 7 7 1168 59
3e7ddfda5a896e3d1a1e73db3ac8662284c52c7e30a6439a53951c107fa3f61d 10 0 0 0
79b0abe574620c33c19ed59787b42cdf29d16847cba4f4a8f45b2a44b23189a7 33 2 37 25
e071de384acc59ba59bb1dc7f75d77b0ef74aa7e74a24e86ca7024135041fa35 7 7 1144 91
1f72ace18900ee9ba982423e232f23c76a272c75a9a2445d20287ea37ea1d330 28 2 7808 1285
5a76345c680ac3e25b14e7f3f81efd0501e27f0ab50e3c7c3d2f66068ce87c0a 13 0 0 0
38740a9cb775211d423bb325285eb62b9c1c5e34d8600e2227524f5867824546 41 38 3030 3022
48a6030f43328131e563b62df0c3d1b27cde32f5b8501ed94a5f972a5b70669f 7 2 892 474
ce2051de4f5b6e8d3cb34cd8331f62d1abe866943b3212e73d08e9c553809c50 1 1 8360 0
347a80eac6db26c7184d260c6ed19cb9388718467983956a509af3fc0ba022fa 57 0 0 0
f99bfe847a56f2057c99fc29bfb755ca7030a63b1f06fb3b62d3c509dd6014ce 16 1 8 12
4fa089bacad859cabc615f6fda6bf7288239d357f98e33efc825a4fdd441b96b 2 0 0 0
b4fd6d25ad60a702f5548e2fabe3ad59f4a592b788ce5fc1ba0c276da84e208c 15 0 0 0
cf87204fd8c316ff23591e2e30d3fb041d8f2dff3207de4048cbeb8fe3059f62 1 1 696 0
38856ede20f3a674ad5075d2c30cfcbe69d7778b6a0af3ec92e65f06b2b76866 4 4 2011 154
d922376ae8945491b10f8ae23a84e5f9156b2eba7da8fbabbaeb33e0b25c4adc 42 19 1694 0
0374d2743fb397df36891e7d9931f267637507c44844f42fe8c7f897ab0e958e 12 0 0 0
2096e130b0bbd6973b209376e40a9bbcd9930ad86263ca126d360015a78eea3a 17 1 167 84
351c346931d0c62eca0ccf78eac18d38dde85bda2bd52d23ef23466d128f89eb 6 0 0 0
d9c3072211942f2d87911e7f1ed68887372eb3220ba11945ccfae2e6aa41b430 5 5 15680 0
2d8a0af6b17a2f6b8df8d1960a94b2f7de90c2639aedfad37903abb522ba9bd3 16 16 3694 351
5ad49ec832e350be47db83f15ce1bcea6c967aadd2d9ec63add68835cf529128 69 0 0 0
6d3141a6c0566b4dbe793244f3831d61329415a0fd1b8f3adc3952c4ca19b0f6 14 14 1624 0
a761c0d173037cb3746877999f4b68dc11fd4e2c104bf4dfdcda5458a9b66c55 67 67 14632 134
7672de5e0b70b0106c293f43e945df7699ea611fd2a1586f77c2fb0d2683f727 3 0 0 0
90473b2b9d97546b3c5df75b89f14dfa613d7a3d3efd413d7f7a2fa2b2ebc783 245 0 0 0
3a4da8f394487e54c6d483f077557415e28ce175264fa902daddd5d073061cc8 6 1 54 41
3105fa12bca3df3be155f790af1e67beef7f4386717dcd09c18ef7580d373458 14 11 250 108
6e0ce19b4fe3dc73c7de90f520f9f9eac982c49c1e3407677b7a1afaff66a326 5 0 0 0
0ba841c4183554b6a8f86efbb463bbda3b12ae38d22cf53becf1b1db23d83330 133 60 44256 2614
6cbc1a9031f1399c8425114b2a9e5a49fb0645a4369c31a9703c6ba98e736031 8 8 4944 49
3dc28425c14a1b6547ee427ac66fddc38d4bbdaa84a930e9f1d93ddf12dfd601 3 3 4076 90
6a80f1fc8141a2ed49c70261ba31d67f736c6538af6d68ef81c72423d98382ad 0 0 0 0
4d46cca98adb9e582973e0bc556de6d71cf53265d09ec338f56144ddf8594041 14 0 0 0
56b4ce55dee387475035e671ccf574956a70bea23bc830c3f9bd26cfd5b337aa 29 16 19287 318
ed6dd8a2b7e4a547c4090a05a81645f84432a7d80f854e47bd7751581cb1c092 133 60 44256 2614
c736a55d825bfc5eed80700840ae7683ded3224163530b75f37efc2fef4b9468 0 0 0 0
cfeb2f2669dd35156e8fb4e71808a358f4b7068bd492b545ad15ace7d6923841 4 4 88 0
0d97a6cc8c9a55fe598ce12c6294f0eac7636a19f2771980a27e8b222a7b6632 19 19 15757 900
24fd7492de6f4e3f1bede211d9927f25bcd8e92f876cdfc729838df68a520a0a 5 2 14110 579
5fedcf3ef6955bbcac7745e723935c581804a2455fae1800f80ac07ff79ed2d6 2623 0 0 0
76051b808d40671941184173126caf8bea1de4c2fcc6203934d9cd7aecdfa0b4 3 3 864 24
a257fb3ef292e76937115d3fbfc7c835cd54f3df5caef1c7b65a42e2bb3fb429 98 0 0 0
cf8b2738b63d103afce573627e44665ec59b6db43c553d1d93ee9d2a16e20f21 476 1 42 33
a18e89fea9bcbebaa1ccce102cefb3ec1e1d3e1b3064c11a16cd8728cdceff5c 119 5 33 41
e751199261272c4c0f6a7111330a6f858b18d6b4b4c524184dafc46fd8daef82 14 2 0 1065
d13261d4e836f599b37429756fa2cb7c8b45f44cd52956217aff998c95009231 34 0 0 0
4a7d12ba4e62899ae1b06ebb9536942323d11115d6e5f7b86d4687f91222d144 42 0 0 0
bdbf62f02ba8aad90ce4a5aa1230bc9abed438250dbee804dfb76294bbdbd50c 2 0 0 0
4cbde5818072db5e0e2c7c41230e91f5095b2962ab256788fcbdf7f48c4c0b82 10 0 0 0
143b88b47fdfe9abcf0b4c067f8adb4429335680278e7d69bdf73119efc82392 58 0 0 0
a5b17343d9cdf13c5fb80c5b125543b0b8fd0ef137d138cb56c7d56e8bcbb3d3 50 10 326 64
4ba13870a76ac30111f439f267026e27ccad5d13499bcce23b4d9b1b0ed86116 1 0 0 0
c62e002e5dd534e109766bbeb25d3ac96713c0eea17f52ac44eb8a72e68ab856 89 0 0 0
2e0dea2ca192ea05c2fcb4a05101724e8a9db58eaff4cc11f093d88d8d1ea43f 1 1 1 0
85e70c867cb6b47b636d40c21dd4d8fb7cf4dda3d0fd881aaa48e9894cf0eedf 35 0 0 0
db71445e99583070a84d23025a6f68bfdba418c104cef7f8897fd4699602ff17 1 1 1 0
eae74854ce6db99d05640b30255813fdd4afcfcc6af7cc4388c58f51daf3a161 2 0 0 0
35ca8c2d24e22dcfa02ffa028fb44413dbc3a8a0d02bee10f25c3d890fc7d44c 61 0 0 0
eddf429d11bb4af841545264b0876fa5dbc2d3942c18fff739b3bdfafe8c653d 82 0 0 0
66d2ff18de9cd84b14f86d7431fc364be1e1a9d3c68f3792efcbf633da864e4d 218 0 0 0
bfe4d7c1891cdaa77824f9a3324dac83e7f7fa4190b0d9cbb12c36c886a9f7ea 17 0 0 0
d41526873e0c67e34602067cd78d15271c2c3bf476aa58d823d6635cc0fcba92 13 0 0 0
56c9f6818b8d463c8c333f76e145cd873e81c0fdd04906702dba09e033501729 0 0 0 0
965459c833d9d1d351e3d7dd0268d91b4b3ae148b72249d2f9d858199516525f 163 0 0 0
439d42f44f7fc3a67c374b4aa0a21814f598e7a1be1cab0852942b4b2ee3e07f 21 0 0 0
ad68f1f774875d1f6cd9a67d51a665895037a21cddfa27d75506fd52240bf994 25 13 3630 261
e4138269deb2ae2a7f5d06e08217552982b73dbbaf0653f43a41452b11efcd31 7 4 29 3
f8ed47ce4b3bf27d36875089f29ccf80d6b1ad38b80bf8a7c1b267291a936f92 1 1 1 0
15752243ac88f7762ef126d6e1ca62983b0f930658e410af9ac149593334785d 5388 1 185 19
f726f16c0c02327386b826528967ea79679cd4543d4e2c89e57660bcaf69d575 6 0 0 0
b2761a1c5fe12a06e7b741232c1133726d6a2c39384aa1007fc5ded155672468 10 0 0 0
9536061ceeb5b21703bd45779badfc4ada21766cce1d11a06ba8b454de50890a 1 0 0 0
ff6fd7db69d234c3471121dc066b1a1a3f678dd37f8aa9edf0af518f8fa54329 51 1 0 2
816e7bda5cd9c5b1e03a44e246d2ed5b6c73315604d94cdd7ea239cad769ec05 8 0 0 0
70aa1806f7d0210cdb7a9da1df75aa0d85c10164a07427776cec0c2f1b8f1011 41 41 6083 221
facc69941f6ae1d9b0b8f79e142048cb9f83d479954551e7516ecbec1b7b3120 6 0 0 0
d9547a0761ce1ecf57f4b993ed5df9e45c7c5dbff79e88df31bec7b701502f67 2 0 0 0
